0,0,1,2,3,4,5,6,7,8,9,10,11,12,13,14,15,year
Ben Roethlisberger,PIT,2.55,4.8,7.7,-2.9,16.9,52.9,-0.9,675,5130,34,16,96.5,67,66.7,0.3,2018
Patrick Mahomes,KC,2.91,6.4,9.2,-2.8,12.2,60.7,0.2,580,5097,50,12,113.8,66,64.8,1.2,2018
Matt Ryan,ATL,2.68,6.5,8.5,-2,16.8,54.9,-0.5,608,4924,35,8,107.4,69.4,65.3,4.1,2018
Jared Goff,LAR,2.95,7,8.8,-1.9,13.2,62.7,0.1,561,4688,32,12,101.1,64.9,64.3,0.6,2018
Andrew Luck,IND,2.63,6.1,7.6,-1.5,18,51.7,-1.2,639,4593,39,15,98.7,67.3,66.4,0.9,2018
Aaron Rodgers,GB,2.95,6,8.8,-2.8,13.7,61.4,-0.2,597,4442,25,2,97.6,62.3,63.5,-1.1,2018
Tom Brady,NE,2.62,5.6,7.7,-2,13.9,49.9,-1.1,570,4355,29,11,97.7,65.8,67,-1.2,2018
Philip Rivers,LAC,2.62,6.3,7.9,-1.6,15.7,55.3,-1.1,508,4308,32,12,105.5,68.3,66.7,1.6,2018
Eli Manning,NYG,2.65,5.3,7.2,-1.9,18.8,55.4,-2,576,4299,21,11,92.4,66,67.5,-1.6,2018
Kirk Cousins,MIN,2.74,5.6,7.4,-1.9,12.9,62.9,-1.2,606,4298,30,10,99.7,70.1,66,4.1,2018
Deshaun Watson,HOU,3.01,6.8,8.8,-2,14.5,61.3,-0.2,505,4165,26,9,103.1,68.3,65.5,2.8,2018
Derek Carr,LV,2.56,5,6.7,-1.8,13.2,49.7,-2,553,4049,19,10,93.9,68.9,68.4,0.5,2018
Drew Brees,NO,2.59,5.9,7.1,-1.2,15.5,45.5,-1.6,489,3992,32,5,115.7,74.4,67.6,6.9,2018
Case Keenum,DEN,2.68,5.6,7.5,-1.9,16,55.3,-1.5,586,3890,18,15,81.2,62.3,64.8,-2.5,2018
Dak Prescott,DAL,2.82,5.5,7.6,-2.1,17.7,48.2,-1.5,526,3885,22,8,96.9,67.7,66.2,1.5,2018
Matthew Stafford,DET,2.64,4.7,7,-2.3,16,53.4,-2,555,3777,21,11,89.9,66.1,66.6,-0.4,2018
Baker Mayfield,CLE,2.79,6.3,9,-2.7,15.6,63.8,0,486,3725,27,14,93.7,63.8,64.4,-0.7,2018
Russell Wilson,SEA,3.02,7.3,9.2,-1.9,14.3,54.4,0,427,3448,35,7,110.9,65.6,61.4,4.2,2018
Cam Newton,CAR,2.69,5,7.1,-2.1,17.2,40.5,-1.7,471,3395,24,13,94.2,67.9,65.4,2.5,2018
Mitchell Trubisky,CHI,2.66,6,8.8,-2.7,17.7,60.7,0.1,434,3223,24,12,95.4,66.6,64.9,1.7,2018
Carson Wentz,PHI,2.66,5.8,7.8,-2,16,55,-1.1,401,3074,21,7,102.2,69.6,66.6,2.9,2018
Jameis Winston,TB,2.8,8.4,10.9,-2.4,20.4,54.8,1.6,378,2992,19,14,90.2,64.6,62.9,1.7,2018
Sam Darnold,NYJ,2.91,6.5,9.4,-2.8,19.6,54.1,0.1,414,2865,17,15,77.6,57.7,60.4,-2.7,2018
Blake Bortles,JAX,2.77,4.9,7,-2.1,16.9,46.8,-1.6,403,2718,13,11,79.8,60.3,67.8,-7.5,2018
Andy Dalton,CIN,2.61,6.2,8.4,-2.2,17.3,47.5,-0.6,365,2566,21,11,89.6,61.9,62.8,-0.9,2018
Marcus Mariota,TEN,2.68,5.3,7.5,-2.2,12.4,51.1,-1.3,331,2528,11,8,92.3,68.9,68.1,0.8,2018
Joe Flacco,BAL,2.71,5.9,8.4,-2.5,16.9,50.6,-0.4,379,2465,12,6,84.2,61.2,64.3,-3.1,2018
Ryan Fitzpatrick,TB,2.65,8.8,10.2,-1.4,20.3,53.7,1.2,246,2366,17,12,100.4,66.7,63.5,3.1,2018
Josh Rosen,ARI,2.77,5.9,8.4,-2.5,21.6,58.6,-1,393,2278,11,14,66.7,55.2,59.7,-4.5,2018
Nick Mullens,SF,2.7,5.8,7.4,-1.7,12,37.8,-1.4,274,2277,13,10,90.8,64.2,65.7,-1.5,2018
Alex Smith,WAS,2.79,5.7,8.1,-2.4,17.7,48.9,-0.9,328,2180,10,5,85.7,62.5,62.5,0,2018
Josh Allen,BUF,3.22,6.5,11,-4.6,13.8,63.9,1.4,320,2074,10,12,67.9,52.8,60.5,-7.7,2018
Ryan Tannehill,MIA,2.65,4.9,7.9,-3,13.5,55.3,-1.5,274,1979,17,9,92.7,64.2,65.4,-1.1,2018
Nick Foles,PHI,2.68,4.6,6.7,-2,14.9,55.6,-2.5,195,1413,7,4,96,72.3,67.4,4.9,2018
C.J. Beathard,SF,2.61,5,6.8,-1.8,14.8,48.6,-2.3,169,1252,8,7,81.8,60.4,68.4,-8.1,2018
Brock Osweiler,MIA,2.77,4.8,7.8,-3,9,45.8,-0.2,178,1247,6,4,86,63.5,64.6,-1.1,2018
Lamar Jackson,BAL,3.1,6.5,8.3,-1.8,17.6,35.8,-0.5,170,1201,6,3,84.5,58.2,63.5,-5.3,2018
Jeff Driskel,CIN,2.56,4.6,7.8,-3.1,21,44.9,-1.8,176,1003,6,2,82.2,59.7,63.4,-3.8,2018
Cody Kessler,JAX,2.92,4.2,6.7,-2.5,12.2,44.6,-2.7,131,709,2,2,77.4,64.9,64.2,0.7,2018
