0,0,1,2,3,4,5,6,7,8,9,10,11,12,13,14,15,year
Deshaun Watson,HOU,2.85,7.3,9,-1.7,14.5,63.4,0.2,544,4823,33,7,112.4,70.2,65.4,4.8,2020
Patrick Mahomes,KC,2.89,6.3,8.5,-2.2,11.4,60.9,-0.3,588,4740,38,6,108.2,66.3,67.2,-0.9,2020
Tom Brady,TB,2.57,7,9.3,-2.3,14.8,55.5,0.5,610,4633,40,12,102.2,65.7,64.4,1.3,2020
Matt Ryan,ATL,2.87,7.2,8.9,-1.7,14.7,56.7,0.3,626,4581,26,11,93.3,65,64.2,0.9,2020
Josh Allen,BUF,3.04,6.9,8.8,-1.9,13.1,62.8,-0.4,572,4544,37,10,107.2,69.2,64.6,4.6,2020
Justin Herbert,LAC,2.69,5.2,7.5,-2.3,18,63.2,-1.3,595,4336,31,10,98.3,66.6,65.1,1.5,2020
Aaron Rodgers,GB,2.72,5.5,8.1,-2.6,11.2,60.3,-0.4,526,4299,48,5,121.5,70.7,66.4,4.4,2020
Kirk Cousins,MIN,2.88,6.8,8.3,-1.5,16.1,55.6,-0.6,516,4265,35,13,105,67.6,63.3,4.3,2020
Russell Wilson,SEA,2.97,6.2,8.6,-2.4,11.1,64.4,0.1,558,4212,40,13,105.1,68.8,64.8,4,2020
Philip Rivers,IND,2.52,5.2,7.4,-2.3,15.8,53.3,-1.8,543,4169,24,11,97,68,66.3,1.6,2020
Derek Carr,LV,2.78,5.9,8.2,-2.3,16.2,56.8,0,517,4103,27,9,101.4,67.3,64.5,2.8,2020
Matthew Stafford,DET,2.65,6.8,9,-2.3,16.7,61.8,0.2,528,4084,26,10,96.3,64.2,65.3,-1.1,2020
Kyler Murray,ARI,2.74,5.9,8,-2.1,13.3,56.2,-0.9,558,3971,26,12,94.3,67.2,64.7,2.5,2020
Jared Goff,LAR,2.76,4.8,6.5,-1.8,12.7,56.7,-1.9,552,3952,20,13,90,67,66.6,0.4,2020
Ryan Tannehill,TEN,2.69,7.3,8.4,-1.2,18.7,54.6,-0.1,481,3819,33,7,106.5,65.5,63.1,2.4,2020
Ben Roethlisberger,PIT,2.3,4.6,7.1,-2.5,17.3,51.9,-1.3,608,3803,33,10,94.1,65.6,67.4,-1.8,2020
Teddy Bridgewater,CAR,2.6,5.1,7.3,-2.1,12.2,51.4,-1.7,492,3733,15,11,92.1,69.1,66.8,2.3,2020
Baker Mayfield,CLE,3.05,7.4,9,-1.7,13.8,53.4,0.4,486,3563,26,8,95.9,62.8,62.1,0.7,2020
Daniel Jones,NYG,2.76,6.4,7.7,-1.3,17.6,50.9,-1.5,448,2943,11,10,80.4,62.5,63,-0.5,2020
Drew Brees,NO,2.66,5.4,6.3,-0.9,12.3,50.8,-2.3,390,2942,24,6,106.4,70.5,69.3,1.2,2020
Drew Lock,DEN,2.87,6.1,9.2,-3.1,19.6,51.2,0.5,443,2933,16,15,75.4,57.3,61.2,-3.9,2020
Lamar Jackson,BAL,2.98,6.6,8.9,-2.3,14.4,53.1,-0.2,376,2757,26,9,99.3,64.4,64.9,-0.6,2020
Joe Burrow,CIN,2.65,5.7,8.8,-3.1,21.5,45.6,-0.1,404,2688,13,5,89.8,65.3,61.7,3.7,2020
Cam Newton,NE,2.84,5.6,7,-1.4,12.8,58,-2.3,368,2657,8,10,82.9,65.8,68.3,-2.6,2020
Carson Wentz,PHI,2.91,6.3,9.1,-2.8,19,57.4,-0.1,437,2620,16,15,72.8,57.4,61.5,-4.1,2020
Nick Mullens,SF,2.63,5.6,6.6,-1,14.4,54.1,-2.5,326,2437,12,12,84.1,64.7,67.8,-3.1,2020
Gardner Minshew,JAX,2.77,5.6,8.2,-2.6,16.8,50.6,-0.3,327,2259,16,5,95.9,66.1,63.1,2.9,2020
Sam Darnold,NYJ,2.85,4.7,7.9,-3.3,13.5,47.6,-1,364,2208,9,11,72.7,59.6,62.8,-3.2,2020
Andy Dalton,DAL,2.5,5.2,7,-1.8,15,48.3,-1.6,333,2170,14,8,87.3,64.9,64.9,0,2020
Ryan Fitzpatrick,MIA,2.38,6.5,7.9,-1.4,21.7,51.4,-0.7,267,2091,13,8,95.6,68.5,65.1,3.5,2020
Mitchell Trubisky,CHI,2.66,5.1,7.9,-2.9,21.2,56.4,-0.1,297,2055,16,8,93.5,67,65.7,1.3,2020
Dak Prescott,DAL,2.77,6.8,8,-1.2,15.3,50.8,-0.6,222,1856,9,4,99.6,68,65.3,2.7,2020
Nick Foles,CHI,2.51,5.3,7.8,-2.5,20.8,52.9,-1,312,1852,10,8,80.8,64.7,63.4,1.4,2020
Tua Tagovailoa,MIA,2.55,5.3,7.7,-2.3,20.3,44.6,-0.8,290,1814,11,5,87.1,64.1,65.5,-1.4,2020
Alex Smith,WAS,2.63,3.8,5,-1.3,13.5,44,-4,252,1582,6,8,78.5,66.7,67.9,-1.2,2020
Dwayne Haskins,WAS,2.55,3.6,6.9,-3.3,17.4,50.2,-2.1,241,1439,5,7,73,61.4,68.5,-7.1,2020
Jimmy Garoppolo,SF,2.57,3.9,6.2,-2.4,13.6,43.1,-2.6,140,1096,7,5,92.4,67.1,70.7,-3.6,2020
Mike Glennon,JAX,2.58,5.9,8.3,-2.4,22.3,45,-0.1,179,1072,7,5,80.1,62,63,-1,2020
Jalen Hurts,PHI,3.11,7.8,9.7,-2,14.2,50.7,0.4,148,1061,6,4,77.6,52,55.5,-3.4,2020
Brandon Allen,CIN,2.51,4,7,-3,19.7,43.4,-1.7,142,925,5,4,82,63.4,65.4,-2,2020
Joe Flacco,NYJ,2.88,6.9,10.9,-4,19.4,52.7,2.2,134,864,6,3,80.6,55.2,57.7,-2.5,2020
