0,team,1,2,3,4,5,6,7,8,9,10,11,12,13,14,15,year,first_round,divisional_round,conference_championship,superbowl,won_superbowl
Tom Brady,TB,2.5,5.5,8.0,-2.5,14.0,51.8,-0.4,719,5315,43,12,102.1,67.5,68.4,-1.0,2021,1,1,0,0,0
Justin Herbert,LAC,2.83,5.8,7.6,-1.8,17.6,63.8,-0.9,672,5014,38,15,97.7,65.9,66.3,-0.3,2021,0,0,0,0,0
Matthew Stafford,LAR,2.8,6.7,8.5,-1.8,12.1,58.4,0.1,601,4886,41,17,102.9,67.2,67.8,-0.6,2021,1,1,1,1,1
Patrick Mahomes,KC,2.84,4.8,7.3,-2.5,8.7,54.7,-1.2,658,4839,37,13,98.5,66.3,68.3,-2.1,2021,1,1,1,0,0
Derek Carr,LV,2.82,5.6,8.0,-2.5,13.6,55.6,-0.8,626,4804,23,14,94.0,68.4,66.2,2.2,2021,1,0,0,0,0
Joe Burrow,CIN,2.69,6.4,8.3,-1.9,19.2,55.6,-0.6,520,4611,34,14,108.3,70.4,64.4,6.0,2021,1,1,1,1,0
Dak Prescott,DAL,2.75,5.9,8.0,-2.1,15.4,51.0,-0.4,596,4449,37,10,104.2,68.8,66.6,2.2,2021,1,0,0,0,0
Josh Allen,BUF,2.9,6.5,8.6,-2.2,11.3,55.1,-0.2,646,4407,36,15,92.2,63.3,64.2,-0.9,2021,1,1,0,0,0
Kirk Cousins,MIN,2.76,6.4,8.0,-1.5,15.9,55.2,-1.4,561,4221,33,7,103.1,66.3,63.9,2.4,2021,0,0,0,0,0
Aaron Rodgers,GB,2.63,4.9,7.6,-2.7,16.4,58.3,-0.6,531,4115,37,4,111.9,68.9,65.6,3.3,2021,0,1,0,0,0
Matt Ryan,ATL,2.77,5.7,7.2,-1.5,16.3,52.0,-1.3,560,3968,20,12,90.4,67.0,66.0,0.9,2021,0,0,0,0,0
Jimmy Garoppolo,SF,2.67,5.9,7.4,-1.5,15.6,53.1,-1.9,441,3810,20,12,98.7,68.3,67.0,1.2,2021,1,1,1,0,0
Mac Jones,NE,2.71,5.7,8.1,-2.4,15.4,52.2,-0.9,521,3801,22,13,92.5,67.6,66.3,1.2,2021,1,0,0,0,0
Kyler Murray,ARI,2.77,5.8,7.9,-2.1,12.3,54.3,-1.1,481,3787,24,10,100.6,69.2,65.3,3.9,2021,1,0,0,0,0
Ben Roethlisberger,PIT,2.38,4.4,6.7,-2.3,17.9,53.1,-1.9,605,3740,22,10,86.8,64.5,68.1,-3.7,2021,1,0,0,0,0
Ryan Tannehill,TEN,2.68,5.4,7.5,-2.2,15.4,53.0,-1.2,531,3734,21,14,89.6,67.2,66.9,0.3,2021,0,1,0,0,0
Trevor Lawrence,JAX,2.87,5.4,8.0,-2.6,13.3,51.0,-0.8,602,3641,12,17,71.9,59.6,65.0,-5.4,2021,0,0,0,0,0
Carson Wentz,IND,2.83,6.0,7.9,-2.0,16.5,58.2,-1.3,516,3563,27,7,94.6,62.4,64.7,-2.3,2021,0,0,0,0,0
Taylor Heinicke,WAS,2.97,5.2,7.9,-2.8,18.0,58.5,-1.2,494,3419,20,15,85.9,65.0,65.2,-0.2,2021,0,0,0,0,0
Jared Goff,DET,2.77,4.3,6.6,-2.3,10.7,44.8,-2.2,494,3245,19,8,91.5,67.2,66.4,0.8,2021,0,0,0,0,0
Jalen Hurts,PHI,3.12,6.4,9.0,-2.7,16.2,52.3,0.0,432,3144,16,9,87.2,61.3,61.5,-0.2,2021,1,0,0,0,0
Russell Wilson,SEA,2.8,6.5,9.9,-3.3,15.5,62.0,1.1,400,3113,25,6,103.1,64.8,64.5,0.2,2021,0,0,0,0,0
Teddy Bridgewater,DEN,2.91,5.6,8.1,-2.4,12.4,55.4,-1.1,426,3052,18,7,94.9,66.9,64.9,2.0,2021,0,0,0,0,0
Baker Mayfield,CLE,2.82,6.2,8.7,-2.5,16.3,66.4,-0.4,418,3010,17,13,83.1,60.5,64.0,-3.5,2021,0,0,0,0,0
Lamar Jackson,BAL,2.96,7.0,9.6,-2.5,13.4,60.8,0.3,382,2882,16,13,87.0,64.4,66.0,-1.6,2021,0,0,0,0,0
Davis Mills,HOU,2.67,5.4,7.4,-1.9,14.5,50.4,-1.6,394,2664,16,10,88.8,66.8,66.3,0.5,2021,0,0,0,0,0
Tua Tagovailoa,MIA,2.52,5.1,7.0,-1.9,19.3,55.1,-1.4,388,2653,16,10,90.1,67.8,66.9,0.9,2021,0,0,0,0,0
Sam Darnold,CAR,2.88,4.5,7.4,-2.9,13.8,50.5,-1.8,406,2527,9,13,71.9,59.9,64.9,-5.1,2021,0,0,0,0,0
Daniel Jones,NYG,2.78,5.6,7.2,-1.6,18.0,53.5,-2.0,361,2428,10,7,84.8,64.3,64.1,0.2,2021,0,0,0,0,0
Zach Wilson,NYJ,3.0,5.8,7.7,-1.9,12.8,56.8,-1.5,383,2334,9,11,69.7,55.6,65.9,-10.3,2021,0,0,0,0,0
Justin Fields,CHI,2.91,7.1,9.5,-2.4,17.0,52.5,0.2,270,1870,7,10,73.2,58.9,61.9,-3.0,2021,0,0,0,0,0
Andy Dalton,CHI,2.64,4.9,7.2,-2.3,12.3,47.8,-1.6,236,1515,8,9,76.9,63.1,67.0,-3.9,2021,0,0,0,0,0
Jacoby Brissett,MIA,2.83,5.1,7.5,-2.4,18.7,53.5,-0.7,225,1283,5,4,78.1,62.7,65.0,-2.4,2021,0,0,0,0,0
Jameis Winston,NO,3.02,6.5,9.0,-2.5,11.8,59.0,-0.3,161,1170,14,3,102.8,59.0,64.3,-5.3,2021,0,0,0,0,0
Trevor Siemian,NO,2.87,6.1,7.8,-1.7,16.5,42.4,-1.4,188,1154,11,3,88.4,57.4,60.7,-3.2,2021,0,0,0,0,0
Tyler Huntley,BAL,2.62,5.0,7.8,-2.8,18.1,43.0,-1.1,188,1081,3,4,76.6,64.9,65.0,-0.1,2021,0,0,0,0,0
Tyrod Taylor,HOU,2.78,5.2,7.5,-2.3,17.3,56.4,-0.7,150,966,5,5,76.7,60.7,65.3,-4.6,2021,0,0,0,0,0
Mike Glennon,NYG,2.71,3.9,7.5,-3.6,16.2,36.5,-1.3,167,790,4,10,49.7,53.9,62.1,-8.2,2021,0,0,0,0,0
