0,team,1,2,3,4,5,6,7,8,9,10,11,12,13,14,15,year,first_round,divisional_round,conference_championship,superbowl,won_superbowl
Patrick Mahomes,KC,2.89,5.4,7.5,-2.0,10.2,52.5,-0.8,648,5250,41,12,105.2,67.1,67.2,-0.1,2022,0,1,1,1,1
Justin Herbert,LAC,2.86,4.5,6.7,-2.1,14.6,57.2,-1.9,699,4739,25,10,93.2,68.2,66.8,1.5,2022,1,0,0,0,0
Tom Brady,TB,2.45,4.6,7.0,-2.4,14.9,57.6,-1.5,733,4694,25,9,90.7,66.8,68.2,-1.3,2022,1,0,0,0,0
Kirk Cousins,MIN,2.83,6.1,7.7,-1.6,14.8,50.5,-1.0,643,4547,29,14,92.5,65.9,64.3,1.6,2022,1,0,0,0,0
Joe Burrow,CIN,2.55,5.6,7.2,-1.6,15.3,50.2,-1.4,606,4475,35,12,100.8,68.3,66.1,2.2,2022,1,1,1,0,0
Jared Goff,DET,2.75,5.6,7.2,-1.5,12.8,58.2,-1.3,587,4438,29,7,99.3,65.1,67.5,-2.5,2022,0,0,0,0,0
Josh Allen,BUF,2.87,7.4,9.4,-2.0,12.3,62.2,0.7,567,4283,35,14,96.6,63.3,64.2,-0.9,2022,1,1,0,0,0
Geno Smith,SEA,2.81,6.3,8.0,-1.6,13.1,51.8,-1.2,572,4282,30,11,100.9,69.8,65.3,4.4,2022,1,0,0,0,0
Trevor Lawrence,JAX,2.59,5.1,7.5,-2.4,10.8,50.1,-1.4,584,4113,25,8,95.2,66.3,66.8,-0.5,2022,1,1,0,0,0
Jalen Hurts,PHI,2.76,6.1,8.3,-2.2,15.2,58.7,-0.8,460,3701,22,6,101.5,66.5,63.7,2.8,2022,0,1,1,1,0
Aaron Rodgers,GB,2.7,4.9,8.0,-3.1,15.1,56.3,-0.5,542,3695,26,12,91.1,64.6,66.1,-1.6,2022,0,0,0,0,0
Tua Tagovailoa,MIA,2.6,8.5,9.6,-1.1,14.5,56.1,0.7,400,3548,25,8,105.5,64.8,65.1,-0.4,2022,1,0,0,0,0
Russell Wilson,DEN,2.98,6.0,8.8,-2.8,14.9,54.1,-0.8,483,3524,16,11,84.4,60.5,64.4,-4.0,2022,0,0,0,0,0
Derek Carr,LV,2.93,6.4,9.3,-2.9,18.9,56.1,-0.2,502,3522,24,14,86.3,60.8,62.0,-1.3,2022,0,0,0,0,0
Daniel Jones,NYG,2.9,4.9,6.3,-1.5,13.8,55.5,-2.8,472,3205,15,5,92.5,67.2,65.5,1.6,2022,1,1,0,0,0
Davis Mills,HOU,2.78,5.4,7.9,-2.5,15.2,52.9,-1.2,479,3118,17,15,78.8,61.0,64.2,-3.2,2022,0,0,0,0,0
Matt Ryan,IND,2.69,5.2,6.4,-1.2,16.3,51.9,-2.6,461,3057,14,13,83.9,67.0,66.1,0.9,2022,0,0,0,0,0
Mac Jones,NE,2.69,5.2,7.8,-2.6,14.0,51.5,-1.3,442,2997,14,11,84.8,65.2,66.2,-1.0,2022,0,0,0,0,0
Andy Dalton,NO,2.62,6.0,7.8,-1.8,15.3,51.0,-0.8,378,2871,18,9,95.2,66.7,65.9,0.8,2022,0,0,0,0,0
Dak Prescott,DAL,2.72,6.2,8.3,-2.1,19.8,62.1,-0.4,394,2860,23,15,91.1,66.2,65.0,1.2,2022,1,1,0,0,0
Jacoby Brissett,CLE,2.89,6.5,9.1,-2.6,16.0,55.9,0.4,369,2608,12,6,88.9,64.0,61.6,2.3,2022,0,0,0,0,0
Ryan Tannehill,TEN,2.73,6.3,7.9,-1.6,18.5,61.7,-1.0,325,2536,13,6,94.6,65.2,64.1,1.1,2022,0,0,0,0,0
Jimmy Garoppolo,SF,2.66,4.7,6.8,-2.2,14.0,44.6,-2.1,308,2437,16,4,103.0,67.2,69.3,-2.1,2022,1,1,1,0,0
Kenny Pickett,PIT,2.98,5.5,7.8,-2.3,15.4,47.3,-1.2,389,2404,7,9,76.7,63.0,63.5,-0.5,2022,0,0,0,0,0
Kyler Murray,ARI,2.65,4.1,6.7,-2.6,12.6,39.0,-2.1,390,2368,14,7,87.2,66.4,67.4,-1.0,2022,0,0,0,0,0
Lamar Jackson,BAL,3.0,6.1,8.8,-2.7,11.0,63.2,-0.4,326,2242,17,7,91.1,62.3,64.7,-2.4,2022,1,0,0,0,0
Justin Fields,CHI,3.12,6.5,8.9,-2.5,9.1,59.0,-0.4,318,2242,17,11,85.2,60.4,65.5,-5.2,2022,0,0,0,0,0
Marcus Mariota,ATL,2.93,7.0,10.2,-3.2,17.3,46.6,1.3,300,2219,15,9,88.2,61.3,62.5,-1.2,2022,0,0,0,0,0
Baker Mayfield,LAR,2.82,5.0,6.8,-1.8,13.7,54.7,-2.4,335,2163,10,8,79.0,60.0,66.9,-6.9,2022,0,0,0,0,0
Matthew Stafford,LAR,2.72,4.6,6.7,-2.0,13.5,58.7,-1.7,303,2087,10,8,87.4,68.0,68.5,-0.5,2022,0,0,0,0,0
Taylor Heinicke,WAS,2.95,6.7,9.0,-2.3,16.2,58.1,0.4,259,1859,12,6,89.6,62.2,60.8,1.3,2022,0,0,0,0,0
Carson Wentz,WAS,2.6,5.3,7.9,-2.6,17.4,54.5,-0.9,276,1755,11,9,80.2,62.3,66.5,-4.2,2022,0,0,0,0,0
Zach Wilson,NYJ,3.13,6.3,9.2,-2.9,15.7,58.3,-0.2,242,1688,6,7,72.8,54.5,60.7,-6.1,2022,0,0,0,0,0
Brock Purdy,SF,2.84,5.9,6.7,-0.8,9.4,44.5,-2.1,170,1374,13,4,107.3,67.1,69.0,-2.0,2022,1,1,1,0,0
Mitchell Trubisky,PIT,2.76,7.4,9.7,-2.3,24.4,52.7,0.8,180,1252,4,5,81.1,65.0,60.0,5.0,2022,0,0,0,0,0
Mike White,NYJ,2.8,5.7,7.6,-1.9,20.6,38.3,-1.6,175,1192,3,4,75.7,58.9,63.4,-4.5,2022,0,0,0,0,0
Sam Darnold,CAR,3.24,6.9,9.1,-2.2,15.0,58.5,0.6,140,1143,7,3,92.6,58.6,55.7,2.9,2022,0,0,0,0,0
Deshaun Watson,CLE,3.27,5.6,7.4,-1.8,13.5,36.7,-1.8,170,1102,7,5,79.1,58.2,62.1,-3.9,2022,0,0,0,0,0
Cooper Rush,DAL,2.57,6.3,8.2,-1.9,20.4,47.2,-0.4,162,1051,5,3,80.0,58.0,64.0,-6.0,2022,1,1,0,0,0
Joe Flacco,NYJ,2.75,5.5,8.2,-2.7,15.2,56.0,-1.0,191,1051,5,3,75.2,57.6,63.2,-5.6,2022,0,0,0,0,0
